20
x1;1;2;3;4;5;6;7;8;9;10
x2;1;2;3;4;5;6;7;8;9;10
x3;1;2;3;4;5;6;7;8;9;10
x4;1;2;3;4;5;6;7;8;9;10
x5;1;2;3;4;5;6;7;8;9;10
x6;1;2;3;4;5;6;7;8;9;10
x7;1;2;3;4;5;6;7;8;9;10
x8;1;2;3;4;5;6;7;8;9;10
x9;1;2;3;4;5;6;7;8;9;10
x10;1;2;3;4;5;6;7;8;9;10
x11;1;2;3;4;5;6;7;8;9;10
x12;1;2;3;4;5;6;7;8;9;10
x13;1;2;3;4;5;6;7;8;9;10
x14;1;2;3;4;5;6;7;8;9;10
x15;1;2;3;4;5;6;7;8;9;10
x16;1;2;3;4;5;6;7;8;9;10
x17;1;2;3;4;5;6;7;8;9;10
x18;1;2;3;4;5;6;7;8;9;10
x19;1;2;3;4;5;6;7;8;9;10
x20;1;2;3;4;5;6;7;8;9;10
38
ext
x2;x15
10
2;4
1;3
2;2
7;1
10;7
6;5
4;7
7;5
9;3
1;7
ext
x1;x3
10
6;8
5;4
1;8
9;1
6;2
1;2
4;2
8;1
3;9
9;3
ext
x8;x18
10
10;2
9;3
8;4
4;3
8;6
8;8
6;7
1;3
1;8
1;6
ext
x10;x12
10
1;7
5;1
10;9
3;10
9;3
2;4
4;7
9;6
4;1
9;1
ext
x4;x9
10
10;7
1;2
8;3
7;9
4;3
3;9
8;10
6;6
2;10
2;7
ext
x1;x15
10
6;9
5;5
1;3
3;6
8;10
2;2
4;6
6;8
7;9
2;8
ext
x12;x16
10
6;2
10;9
7;5
4;8
7;10
2;5
1;10
10;1
5;5
9;1
ext
x5;x13
10
1;5
10;8
8;6
7;5
3;4
5;4
9;3
7;4
6;8
3;1
ext
x7;x18
10
2;4
5;2
7;1
10;7
5;10
2;7
1;6
10;3
7;9
6;5
ext
x7;x17
10
3;2
5;1
10;5
6;3
1;10
10;6
10;4
2;2
1;3
1;8
ext
x9;x11
10
1;7
9;10
2;7
3;7
8;3
3;9
2;4
9;9
9;3
4;5
ext
x4;x19
10
8;1
2;9
10;9
7;6
5;8
9;5
8;8
4;2
6;7
10;6
ext
x3;x10
10
8;6
4;5
9;5
5;8
1;6
5;3
3;7
4;4
8;4
7;10
ext
x3;x18
10
8;7
5;6
4;3
9;5
5;9
1;5
9;2
3;5
6;6
4;7
ext
x16;x18
10
7;10
2;9
5;10
1;1
7;2
8;5
1;2
3;9
9;4
8;6
ext
x4;x12
10
6;9
4;3
7;8
1;10
8;7
6;7
6;3
9;7
10;5
5;3
ext
x4;x17
10
9;3
1;1
1;8
4;8
10;8
10;6
4;9
9;10
1;7
8;1
ext
x7;x10
10
5;7
7;10
7;2
6;2
9;10
4;5
4;2
5;5
2;1
3;10
ext
x8;x10
10
8;10
9;9
6;7
2;8
10;1
9;7
2;3
1;3
6;4
10;7
ext
x4;x6
10
2;3
6;9
8;10
10;2
3;10
7;5
1;5
1;4
2;10
3;7
ext
x1;x13
10
9;6
2;1
1;4
9;3
6;10
8;4
9;5
8;10
7;4
6;2
ext
x6;x20
10
4;9
8;6
4;4
10;5
9;3
1;7
8;7
7;9
3;9
9;10
ext
x10;x15
10
2;6
2;3
1;9
7;10
3;2
1;5
1;7
5;1
7;3
8;8
ext
x5;x20
10
10;1
3;10
7;4
1;3
2;5
2;2
3;4
7;8
7;2
10;4
ext
x4;x15
10
3;2
7;9
9;3
3;10
8;4
3;4
9;7
9;6
10;6
7;8
ext
x8;x13
10
2;8
8;7
4;5
9;9
5;6
4;2
2;3
1;7
2;4
3;6
ext
x6;x12
10
9;2
5;1
3;10
7;2
9;4
3;5
2;3
4;7
1;4
6;10
ext
x7;x15
10
10;2
6;3
3;5
4;5
3;4
9;1
7;5
9;9
5;8
9;6
ext
x13;x14
10
7;4
9;4
6;7
3;7
8;4
2;6
9;8
8;6
10;1
9;3
ext
x7;x14
10
7;9
6;5
2;10
7;7
9;7
8;2
7;4
3;4
3;3
5;7
ext
x1;x16
10
9;8
1;3
6;5
1;6
6;2
9;9
1;5
2;5
6;9
3;4
ext
x14;x20
10
5;2
2;8
7;7
5;1
1;5
3;1
6;4
8;6
1;2
1;9
ext
x4;x16
10
3;9
5;2
1;5
4;9
8;2
1;9
8;8
8;4
1;10
2;2
ext
x1;x8
10
4;8
10;5
9;5
1;3
10;7
10;1
6;2
5;9
2;8
1;4
ext
x18;x20
10
8;8
5;6
2;3
3;2
8;9
6;3
4;4
10;8
7;2
3;8
ext
x8;x11
10
7;2
3;6
2;4
3;4
10;4
8;4
9;4
4;9
6;4
9;8
ext
x14;x19
10
7;4
7;8
10;3
4;6
1;7
10;4
2;9
7;1
5;8
6;5
ext
x12;x18
10
4;4
4;2
2;10
4;10
8;6
8;2
3;8
5;2
1;5
2;4
**************************************************
