20
x1;1;2;3;4;5;6;7;8;9;10
x2;1;2;3;4;5;6;7;8;9;10
x3;1;2;3;4;5;6;7;8;9;10
x4;1;2;3;4;5;6;7;8;9;10
x5;1;2;3;4;5;6;7;8;9;10
x6;1;2;3;4;5;6;7;8;9;10
x7;1;2;3;4;5;6;7;8;9;10
x8;1;2;3;4;5;6;7;8;9;10
x9;1;2;3;4;5;6;7;8;9;10
x10;1;2;3;4;5;6;7;8;9;10
x11;1;2;3;4;5;6;7;8;9;10
x12;1;2;3;4;5;6;7;8;9;10
x13;1;2;3;4;5;6;7;8;9;10
x14;1;2;3;4;5;6;7;8;9;10
x15;1;2;3;4;5;6;7;8;9;10
x16;1;2;3;4;5;6;7;8;9;10
x17;1;2;3;4;5;6;7;8;9;10
x18;1;2;3;4;5;6;7;8;9;10
x19;1;2;3;4;5;6;7;8;9;10
x20;1;2;3;4;5;6;7;8;9;10
38
ext
x6;x9
15
9;6
6;7
5;9
9;3
5;1
9;1
3;2
9;10
9;9
6;9
7;1
1;5
7;3
8;8
9;8
ext
x3;x19
15
1;8
2;5
6;6
9;3
2;7
6;3
8;8
3;3
10;1
6;5
5;2
6;7
7;3
2;2
9;5
ext
x8;x12
15
10;1
9;2
7;1
4;1
7;6
6;1
6;7
4;7
3;9
1;8
8;3
9;4
3;1
9;6
9;10
ext
x7;x14
15
10;10
4;2
1;1
4;10
10;2
5;10
4;3
9;10
6;9
1;10
5;2
1;7
3;10
1;6
5;7
ext
x4;x5
15
10;5
6;4
4;10
8;6
3;8
8;3
4;4
6;3
3;3
4;1
5;6
3;5
4;9
9;9
10;7
ext
x5;x10
15
9;6
9;7
7;7
7;2
3;9
3;1
9;9
2;6
3;6
7;10
5;10
4;7
7;1
6;4
6;5
ext
x5;x12
15
5;5
3;3
6;10
1;6
2;3
3;2
7;4
7;9
1;7
4;1
9;10
10;7
8;9
10;9
8;4
ext
x4;x18
15
9;2
1;2
6;1
7;6
4;8
2;10
8;5
3;6
8;8
6;2
4;6
1;6
4;2
7;9
8;2
ext
x7;x12
15
7;7
9;5
3;8
9;1
1;10
9;2
3;1
6;5
2;1
4;4
8;3
6;1
8;4
9;4
8;5
ext
x1;x13
15
7;5
8;9
3;8
7;6
10;2
4;1
4;5
1;1
5;8
2;6
6;1
3;1
7;3
4;4
5;7
ext
x1;x11
15
2;9
1;7
2;4
5;1
2;8
9;7
3;8
7;8
5;7
9;4
4;10
4;6
5;10
3;6
3;9
ext
x1;x7
15
2;9
2;5
7;9
4;6
5;8
10;2
6;6
10;9
6;3
6;5
4;2
1;4
9;3
9;5
4;1
ext
x4;x8
15
6;10
10;4
4;5
2;3
1;7
3;8
5;7
7;6
4;10
1;1
5;6
8;10
7;5
6;3
1;2
ext
x12;x13
15
8;10
2;4
8;8
5;2
4;2
3;1
1;5
4;5
6;8
10;1
10;7
5;5
10;2
4;7
9;2
ext
x1;x20
15
1;3
10;7
7;4
9;4
3;1
2;3
5;9
9;10
7;10
1;5
5;6
8;8
10;3
2;8
1;6
ext
x4;x6
15
6;1
1;1
6;2
3;8
10;10
4;2
1;8
9;6
8;1
9;4
7;3
7;6
5;8
9;3
4;3
ext
x4;x19
15
3;7
4;6
1;9
9;9
2;4
10;10
6;9
1;4
3;3
10;6
1;10
2;2
2;10
2;5
2;7
ext
x8;x15
15
8;10
6;2
4;4
7;4
4;7
10;1
7;1
8;8
4;1
3;6
1;5
1;9
8;6
1;7
9;7
ext
x7;x17
15
6;3
8;7
5;5
2;6
10;1
3;8
9;8
7;3
5;8
6;6
5;3
7;10
8;4
9;3
10;10
ext
x9;x10
15
2;7
1;5
5;7
9;6
5;4
5;10
1;7
10;10
1;3
4;8
2;9
3;10
6;2
2;6
8;1
ext
x3;x5
15
6;9
2;6
4;1
4;7
1;8
6;10
9;3
6;1
7;6
4;10
9;8
6;8
3;3
7;10
4;4
ext
x10;x18
15
9;3
10;3
8;7
10;5
4;6
5;7
8;6
1;8
6;4
5;5
4;3
6;10
4;7
3;10
6;5
ext
x13;x17
15
3;1
3;3
4;3
7;10
1;8
10;5
8;4
3;8
8;9
6;3
7;9
5;8
4;9
1;3
9;10
ext
x6;x15
15
9;7
8;3
2;6
6;8
1;1
4;2
5;10
7;8
5;7
3;4
4;4
10;2
6;7
1;6
6;3
ext
x4;x20
15
4;5
5;8
4;4
7;5
2;6
7;4
7;10
10;5
7;6
2;4
5;10
3;2
5;9
2;9
2;7
ext
x9;x11
15
3;10
2;5
6;1
9;9
7;1
7;4
1;3
9;10
3;6
8;7
7;7
3;3
6;6
4;7
10;9
ext
x2;x3
15
5;4
9;6
2;8
2;1
8;6
5;8
3;7
9;10
1;9
10;10
6;10
10;7
3;8
9;2
7;3
ext
x4;x7
15
1;8
9;6
6;6
8;3
2;2
6;8
8;8
4;2
1;10
2;8
6;1
1;9
2;6
7;8
2;3
ext
x6;x10
15
3;6
8;9
10;9
5;9
10;6
9;10
3;9
9;2
5;4
2;9
4;9
10;1
7;3
6;3
7;9
ext
x15;x17
15
2;3
5;7
8;5
7;7
6;2
4;1
4;10
4;3
1;3
8;4
7;3
2;1
3;3
7;2
6;10
ext
x13;x19
15
8;1
6;10
1;6
10;5
1;8
2;6
6;1
3;2
3;3
5;2
9;10
1;2
4;9
2;10
5;8
ext
x5;x7
15
9;8
9;1
1;5
8;2
3;10
7;7
10;2
3;1
1;2
10;3
1;6
3;6
10;1
1;9
5;9
ext
x11;x19
15
8;1
1;7
2;9
8;9
9;7
1;2
5;3
4;8
3;5
1;5
3;9
5;9
5;2
2;3
1;10
ext
x12;x17
15
5;2
2;8
9;1
3;4
3;8
10;8
9;8
10;4
2;7
2;3
6;7
4;3
8;8
2;6
7;2
ext
x7;x11
15
7;7
6;10
1;1
9;3
5;7
9;9
2;8
6;6
4;1
4;9
4;8
8;3
6;2
3;1
5;8
ext
x11;x17
15
2;7
5;6
6;9
3;9
8;7
3;8
1;3
1;10
2;9
3;4
4;3
9;8
3;10
5;7
10;10
ext
x2;x14
15
10;9
7;4
7;3
9;8
10;8
4;3
4;1
6;10
3;4
4;10
9;5
8;4
9;3
9;7
10;1
ext
x1;x3
15
9;5
3;7
5;4
7;3
9;1
4;10
2;5
5;8
1;7
10;4
2;9
7;7
2;7
10;3
6;7
**************************************************
