20
x1;1;2;3;4;5;6;7;8;9;10
x2;1;2;3;4;5;6;7;8;9;10
x3;1;2;3;4;5;6;7;8;9;10
x4;1;2;3;4;5;6;7;8;9;10
x5;1;2;3;4;5;6;7;8;9;10
x6;1;2;3;4;5;6;7;8;9;10
x7;1;2;3;4;5;6;7;8;9;10
x8;1;2;3;4;5;6;7;8;9;10
x9;1;2;3;4;5;6;7;8;9;10
x10;1;2;3;4;5;6;7;8;9;10
x11;1;2;3;4;5;6;7;8;9;10
x12;1;2;3;4;5;6;7;8;9;10
x13;1;2;3;4;5;6;7;8;9;10
x14;1;2;3;4;5;6;7;8;9;10
x15;1;2;3;4;5;6;7;8;9;10
x16;1;2;3;4;5;6;7;8;9;10
x17;1;2;3;4;5;6;7;8;9;10
x18;1;2;3;4;5;6;7;8;9;10
x19;1;2;3;4;5;6;7;8;9;10
x20;1;2;3;4;5;6;7;8;9;10
38
ext
x7;x10
10
1;6
3;2
2;8
9;3
8;5
5;6
5;7
3;8
7;3
7;1
ext
x8;x19
10
7;10
9;4
1;3
10;10
6;2
6;7
2;8
6;4
1;9
2;2
ext
x6;x14
10
10;6
7;4
2;3
6;8
4;9
9;5
10;9
7;10
4;2
6;5
ext
x3;x11
10
10;7
5;6
2;4
7;2
9;9
6;10
5;3
5;7
4;1
10;8
ext
x11;x12
10
2;9
3;1
5;8
3;9
3;3
6;9
1;1
7;1
6;2
1;5
ext
x5;x6
10
1;1
3;9
2;4
1;4
6;8
7;10
2;5
5;6
8;7
6;4
ext
x1;x9
10
5;9
3;10
5;2
2;2
4;2
10;5
7;1
4;3
10;9
9;6
ext
x8;x17
10
7;8
3;1
5;8
10;1
6;2
4;6
2;8
6;5
2;1
1;9
ext
x4;x17
10
4;8
2;1
8;8
1;5
3;10
10;2
2;6
2;2
7;4
4;10
ext
x10;x14
10
10;10
6;1
7;9
4;2
9;3
2;9
9;8
2;5
7;7
3;7
ext
x9;x15
10
9;6
3;3
8;4
7;8
7;6
1;1
2;5
3;7
8;9
2;8
ext
x5;x19
10
8;7
1;6
4;2
7;10
8;1
1;4
5;5
1;5
6;4
5;2
ext
x3;x5
10
4;10
10;1
5;1
8;7
8;8
8;1
4;8
1;6
8;2
9;5
ext
x3;x6
10
8;8
10;2
1;9
7;9
3;8
9;1
4;4
1;10
3;2
8;9
ext
x5;x20
10
1;2
9;10
9;5
10;7
1;9
2;7
4;5
3;2
2;10
1;4
ext
x7;x14
10
3;2
9;9
1;7
9;4
2;4
3;6
1;9
7;3
8;10
10;2
ext
x7;x19
10
9;2
8;9
10;4
4;1
4;4
6;9
9;3
3;4
2;7
9;1
ext
x12;x18
10
6;5
6;7
4;9
5;6
1;9
4;10
3;7
9;10
1;6
9;6
ext
x10;x11
10
2;8
3;9
7;1
7;3
8;8
8;10
2;4
5;10
7;4
6;7
ext
x13;x17
10
5;8
4;2
8;3
4;8
8;8
1;5
5;10
3;7
7;8
3;4
ext
x4;x19
10
9;10
6;5
1;4
6;4
10;3
8;6
10;5
4;8
10;6
5;3
ext
x2;x4
10
2;2
6;2
3;1
6;3
4;7
1;4
5;8
8;1
3;9
10;8
ext
x1;x11
10
10;5
10;6
3;2
2;6
3;8
3;6
8;3
6;3
4;7
7;2
ext
x2;x3
10
9;2
5;10
6;7
1;7
10;6
3;6
1;10
6;9
10;5
4;2
ext
x15;x17
10
1;8
1;9
2;3
3;2
3;1
6;1
3;8
8;3
9;6
2;4
ext
x15;x20
10
2;2
10;6
2;4
5;9
2;10
1;9
6;4
3;5
9;7
5;7
ext
x6;x17
10
10;6
7;7
4;3
8;1
4;2
8;7
5;2
2;8
9;2
8;2
ext
x4;x8
10
2;2
10;1
6;10
6;5
8;1
9;2
1;9
2;9
5;5
10;8
ext
x11;x18
10
7;2
9;3
2;1
9;4
7;4
5;6
8;6
8;10
2;9
8;7
ext
x9;x16
10
2;7
4;8
8;9
8;4
5;5
3;2
1;6
7;2
2;5
7;5
ext
x16;x17
10
2;1
2;7
9;10
7;6
9;7
7;9
2;6
5;1
7;2
5;7
ext
x4;x6
10
9;9
10;7
4;9
4;5
6;6
1;8
8;5
4;4
9;10
6;3
ext
x12;x19
10
3;6
5;6
9;6
4;9
2;6
9;5
7;9
10;4
3;9
8;4
ext
x12;x16
10
1;3
6;9
10;1
7;5
10;8
7;7
5;5
3;9
6;2
9;7
ext
x12;x17
10
2;5
7;4
3;5
9;7
6;3
4;9
7;2
6;6
1;6
7;10
ext
x16;x18
10
4;3
2;9
4;4
5;6
8;10
7;10
3;6
4;7
10;3
2;4
ext
x2;x14
10
8;4
8;9
7;5
5;8
3;3
2;4
3;9
1;8
7;7
4;4
ext
x1;x10
10
8;6
8;5
6;1
4;3
9;3
8;10
9;9
8;2
2;7
6;3
**************************************************
