20
x1;1;2;3;4;5;6;7;8;9;10
x2;1;2;3;4;5;6;7;8;9;10
x3;1;2;3;4;5;6;7;8;9;10
x4;1;2;3;4;5;6;7;8;9;10
x5;1;2;3;4;5;6;7;8;9;10
x6;1;2;3;4;5;6;7;8;9;10
x7;1;2;3;4;5;6;7;8;9;10
x8;1;2;3;4;5;6;7;8;9;10
x9;1;2;3;4;5;6;7;8;9;10
x10;1;2;3;4;5;6;7;8;9;10
x11;1;2;3;4;5;6;7;8;9;10
x12;1;2;3;4;5;6;7;8;9;10
x13;1;2;3;4;5;6;7;8;9;10
x14;1;2;3;4;5;6;7;8;9;10
x15;1;2;3;4;5;6;7;8;9;10
x16;1;2;3;4;5;6;7;8;9;10
x17;1;2;3;4;5;6;7;8;9;10
x18;1;2;3;4;5;6;7;8;9;10
x19;1;2;3;4;5;6;7;8;9;10
x20;1;2;3;4;5;6;7;8;9;10
38
ext
x11;x17
10
6;5
8;10
5;10
7;2
2;6
6;2
3;1
4;6
7;9
8;1
ext
x3;x14
10
9;5
3;8
10;7
10;5
8;8
6;6
4;7
1;1
5;8
9;10
ext
x13;x16
10
5;7
10;4
4;9
10;1
8;3
9;1
7;9
8;9
3;1
3;6
ext
x14;x17
10
5;7
4;3
4;5
4;9
9;1
10;1
3;4
7;4
1;7
7;2
ext
x14;x18
10
1;10
8;2
9;6
2;9
1;3
10;2
6;10
7;6
7;10
5;6
ext
x15;x19
10
1;5
5;10
5;4
1;7
10;10
3;9
5;6
3;7
4;5
8;7
ext
x12;x17
10
7;5
4;8
9;1
9;3
10;1
5;7
8;5
6;7
8;1
10;3
ext
x8;x10
10
8;6
1;6
6;7
3;3
3;1
8;7
5;9
1;7
10;10
4;5
ext
x3;x16
10
2;5
4;6
4;8
6;1
10;1
7;3
4;7
5;5
10;9
6;2
ext
x17;x19
10
5;7
3;7
7;4
7;2
8;7
5;10
10;7
1;10
1;1
10;3
ext
x16;x19
10
6;4
8;5
2;7
2;4
6;9
5;5
9;6
2;3
7;1
9;5
ext
x11;x15
10
2;10
1;3
10;5
7;9
10;9
2;1
7;4
5;4
5;2
7;3
ext
x2;x9
10
6;7
4;8
8;5
3;4
9;9
3;9
3;10
5;9
5;10
5;1
ext
x4;x19
10
5;7
8;9
10;4
1;5
2;7
8;3
3;10
2;5
8;7
9;7
ext
x7;x11
10
2;10
2;3
1;9
8;7
9;10
9;4
4;10
8;5
4;4
10;3
ext
x9;x18
10
1;6
2;5
4;5
7;2
6;5
2;9
3;1
8;9
2;8
9;6
ext
x9;x17
10
5;5
8;1
9;5
4;7
3;5
2;8
1;7
10;5
6;4
5;8
ext
x5;x16
10
4;3
1;1
10;3
6;8
6;10
2;10
4;8
2;9
4;9
7;7
ext
x8;x14
10
9;9
4;8
1;7
1;10
6;5
3;4
7;8
7;5
8;8
5;8
ext
x4;x6
10
8;1
2;2
10;2
3;2
9;2
1;8
9;1
4;1
3;1
5;3
ext
x4;x13
10
5;3
7;3
10;3
8;1
4;10
3;3
6;6
7;2
3;2
2;6
ext
x12;x20
10
9;8
8;1
7;1
3;8
3;7
5;8
9;2
10;4
6;1
6;8
ext
x5;x17
10
5;6
2;7
10;1
8;5
1;9
7;1
9;5
1;4
6;10
1;10
ext
x6;x7
10
8;3
10;3
2;2
3;4
7;6
9;1
2;9
4;2
2;3
6;8
ext
x13;x19
10
3;8
7;2
1;7
6;4
5;1
3;6
8;2
4;8
2;9
3;3
ext
x14;x16
10
6;5
4;8
7;10
10;10
1;9
9;8
6;8
8;9
4;4
9;6
ext
x2;x5
10
10;8
10;4
10;2
7;9
5;6
1;10
6;3
9;8
4;1
7;4
ext
x2;x16
10
4;1
2;4
10;10
6;6
5;7
1;7
9;7
4;7
2;6
2;2
ext
x6;x10
10
3;5
10;4
5;8
1;10
2;8
9;6
8;9
3;6
5;5
3;2
ext
x2;x18
10
10;6
7;6
1;8
10;1
3;2
8;3
3;9
4;3
8;2
10;3
ext
x4;x18
10
6;5
6;2
10;2
1;6
1;10
6;8
1;4
2;8
10;3
10;10
ext
x16;x18
10
5;1
10;3
9;8
2;3
5;3
1;2
6;6
8;6
5;8
7;7
ext
x7;x15
10
6;8
7;9
4;5
2;2
4;8
8;5
3;6
7;8
4;2
8;9
ext
x4;x5
10
8;4
6;2
7;9
2;1
10;5
1;6
4;7
10;4
3;5
1;8
ext
x4;x9
10
7;5
4;8
1;4
10;7
1;7
8;2
9;4
3;9
9;3
1;1
ext
x10;x11
10
8;6
8;7
4;2
6;8
8;9
6;5
2;2
6;2
3;8
9;10
ext
x3;x18
10
3;3
9;9
1;1
5;7
10;3
8;10
10;9
7;3
1;8
8;4
ext
x8;x17
10
4;2
7;10
3;10
4;5
4;4
7;7
2;9
3;9
9;8
3;4
**************************************************
