20
x1;1;2;3;4;5;6;7;8;9;10
x2;1;2;3;4;5;6;7;8;9;10
x3;1;2;3;4;5;6;7;8;9;10
x4;1;2;3;4;5;6;7;8;9;10
x5;1;2;3;4;5;6;7;8;9;10
x6;1;2;3;4;5;6;7;8;9;10
x7;1;2;3;4;5;6;7;8;9;10
x8;1;2;3;4;5;6;7;8;9;10
x9;1;2;3;4;5;6;7;8;9;10
x10;1;2;3;4;5;6;7;8;9;10
x11;1;2;3;4;5;6;7;8;9;10
x12;1;2;3;4;5;6;7;8;9;10
x13;1;2;3;4;5;6;7;8;9;10
x14;1;2;3;4;5;6;7;8;9;10
x15;1;2;3;4;5;6;7;8;9;10
x16;1;2;3;4;5;6;7;8;9;10
x17;1;2;3;4;5;6;7;8;9;10
x18;1;2;3;4;5;6;7;8;9;10
x19;1;2;3;4;5;6;7;8;9;10
x20;1;2;3;4;5;6;7;8;9;10
38
ext
x1;x3
10
5;4
4;10
5;8
8;5
1;9
5;5
6;2
4;8
3;10
7;2
ext
x3;x15
10
1;7
9;1
3;9
7;7
9;5
4;6
10;1
7;2
5;5
6;6
ext
x19;x20
10
2;10
5;9
6;8
5;1
8;10
1;5
7;3
2;4
7;9
5;7
ext
x3;x10
10
2;7
8;1
1;8
3;1
2;6
6;9
7;4
2;5
6;5
9;3
ext
x16;x18
10
5;10
9;3
2;8
3;2
7;4
2;1
7;2
2;2
9;5
10;7
ext
x8;x19
10
4;8
5;5
3;5
4;7
3;9
6;2
7;6
5;1
7;2
5;6
ext
x1;x2
10
9;1
2;1
9;7
7;8
5;7
10;1
7;4
8;8
2;2
2;10
ext
x3;x5
10
8;8
9;4
7;8
6;4
6;7
8;7
2;5
3;10
10;3
2;9
ext
x11;x20
10
1;5
9;6
1;4
4;10
5;3
9;9
5;4
5;9
5;2
2;1
ext
x16;x20
10
9;9
5;4
7;5
3;5
1;10
2;7
5;6
6;4
1;8
2;6
ext
x11;x13
10
6;8
3;7
4;2
9;10
9;4
5;4
3;1
2;7
10;8
6;1
ext
x1;x18
10
9;3
3;7
9;6
5;2
6;6
8;9
6;2
8;6
8;8
3;9
ext
x5;x11
10
4;3
1;9
3;4
8;4
10;10
3;2
8;6
2;8
7;5
3;7
ext
x15;x18
10
10;2
7;7
10;1
9;8
4;10
2;7
10;5
3;4
1;10
2;4
ext
x5;x20
10
7;2
6;2
4;10
10;9
6;7
6;4
1;5
7;10
1;7
5;1
ext
x1;x17
10
2;5
8;1
9;6
1;10
6;3
4;9
7;6
9;8
10;7
10;5
ext
x7;x10
10
4;10
9;5
2;1
2;3
1;9
3;7
9;4
4;2
9;7
6;3
ext
x13;x20
10
4;7
7;3
10;8
7;4
4;2
2;1
10;2
2;10
5;10
9;3
ext
x2;x7
10
4;6
4;3
5;1
5;8
3;8
3;2
5;5
5;4
7;7
8;10
ext
x4;x6
10
9;8
5;7
9;1
4;5
8;1
1;10
7;2
7;9
8;2
6;8
ext
x7;x19
10
4;7
10;7
3;10
1;3
7;5
6;2
6;9
10;3
5;3
2;3
ext
x6;x7
10
8;1
8;3
5;6
9;4
4;4
2;5
10;6
8;8
3;1
7;2
ext
x6;x18
10
2;7
9;2
5;3
10;9
7;8
4;7
5;9
7;4
4;1
7;10
ext
x7;x8
10
1;10
7;7
4;5
6;5
5;2
7;8
10;1
9;3
9;8
4;7
ext
x3;x6
10
10;8
5;5
5;8
6;6
10;7
9;7
5;9
3;6
1;3
7;9
ext
x18;x19
10
9;6
6;4
2;9
7;2
7;4
3;8
5;10
5;6
7;5
4;7
ext
x2;x19
10
8;10
6;1
3;4
3;8
7;2
9;6
4;1
3;3
7;10
4;8
ext
x12;x13
10
8;8
3;7
1;3
10;10
1;9
3;3
4;2
9;4
2;9
7;7
ext
x7;x20
10
8;3
1;5
6;10
2;5
1;2
2;2
7;3
2;10
2;8
6;3
ext
x3;x18
10
2;2
5;10
7;9
3;10
1;7
3;7
4;10
4;2
2;4
7;3
ext
x3;x13
10
9;3
5;3
4;9
5;10
8;1
2;8
10;6
3;3
7;3
8;4
ext
x3;x7
10
9;2
3;3
1;7
9;5
4;10
4;9
3;4
4;4
10;8
1;8
ext
x3;x20
10
10;2
6;7
4;3
1;10
7;7
7;2
6;2
7;5
5;1
9;8
ext
x1;x10
10
7;2
1;6
4;2
6;9
2;9
5;5
9;3
5;8
5;2
8;9
ext
x5;x10
10
6;9
3;10
4;9
5;3
9;6
10;9
10;6
7;3
4;4
4;7
ext
x17;x18
10
5;9
2;8
1;9
6;6
5;8
7;3
10;5
6;4
2;7
5;6
ext
x8;x9
10
5;10
8;6
1;2
9;1
4;9
3;5
8;10
10;8
8;3
8;4
ext
x4;x10
10
3;6
4;2
8;4
3;9
2;6
4;5
2;4
9;4
7;4
6;6
**************************************************
