20
x1;1;2;3;4;5;6;7;8;9;10
x2;1;2;3;4;5;6;7;8;9;10
x3;1;2;3;4;5;6;7;8;9;10
x4;1;2;3;4;5;6;7;8;9;10
x5;1;2;3;4;5;6;7;8;9;10
x6;1;2;3;4;5;6;7;8;9;10
x7;1;2;3;4;5;6;7;8;9;10
x8;1;2;3;4;5;6;7;8;9;10
x9;1;2;3;4;5;6;7;8;9;10
x10;1;2;3;4;5;6;7;8;9;10
x11;1;2;3;4;5;6;7;8;9;10
x12;1;2;3;4;5;6;7;8;9;10
x13;1;2;3;4;5;6;7;8;9;10
x14;1;2;3;4;5;6;7;8;9;10
x15;1;2;3;4;5;6;7;8;9;10
x16;1;2;3;4;5;6;7;8;9;10
x17;1;2;3;4;5;6;7;8;9;10
x18;1;2;3;4;5;6;7;8;9;10
x19;1;2;3;4;5;6;7;8;9;10
x20;1;2;3;4;5;6;7;8;9;10
38
ext
x4;x14
10
3;8
4;1
3;4
6;3
10;1
10;3
5;2
2;9
1;1
3;1
ext
x8;x10
10
8;7
4;8
4;7
10;2
8;9
2;10
3;9
1;4
7;7
2;7
ext
x1;x20
10
2;7
8;9
10;6
8;7
9;1
9;6
1;9
10;10
10;8
3;6
ext
x4;x9
10
10;9
2;6
9;1
8;1
3;8
7;2
10;5
1;2
3;6
10;6
ext
x1;x4
10
3;7
3;6
9;5
5;6
7;9
5;7
6;5
2;6
2;2
10;8
ext
x4;x16
10
10;3
1;3
10;1
9;8
9;5
4;10
9;10
8;8
4;9
3;4
ext
x5;x16
10
3;3
8;9
8;3
1;2
5;4
4;8
1;5
8;1
5;7
5;9
ext
x1;x16
10
3;9
3;8
4;10
4;9
2;4
6;7
5;3
1;7
1;2
10;2
ext
x6;x20
10
1;6
2;3
10;8
3;10
9;2
9;8
4;1
6;4
10;7
8;5
ext
x2;x7
10
10;4
9;10
10;3
5;8
8;8
8;2
3;6
2;6
9;8
1;4
ext
x14;x16
10
8;6
10;7
8;1
1;5
6;8
2;2
5;6
5;1
6;2
4;5
ext
x15;x19
10
2;2
3;6
8;4
1;8
8;3
9;10
1;6
2;4
5;6
4;10
ext
x11;x17
10
7;4
5;8
8;6
2;1
3;2
6;5
2;10
5;1
4;9
6;3
ext
x8;x11
10
8;1
2;6
5;6
6;6
1;2
9;7
4;9
8;2
4;3
10;5
ext
x1;x12
10
2;6
8;8
10;3
1;10
8;1
7;8
2;1
9;5
1;6
7;9
ext
x7;x17
10
10;4
9;6
8;3
4;9
1;5
3;3
7;8
5;4
6;9
7;4
ext
x15;x16
10
5;7
2;4
10;7
5;6
1;8
9;1
4;4
8;6
8;5
6;1
ext
x3;x7
10
2;3
3;7
4;8
1;1
10;2
7;6
7;9
4;6
2;4
3;3
ext
x7;x14
10
4;6
6;6
7;10
2;9
9;9
9;7
6;10
9;5
4;10
2;8
ext
x12;x13
10
9;7
10;10
6;7
5;7
5;1
5;9
1;3
10;6
2;5
2;2
ext
x8;x16
10
4;8
1;5
3;5
7;5
5;5
5;2
3;4
7;10
4;3
10;9
ext
x11;x15
10
5;8
8;8
2;9
6;3
7;4
4;3
2;4
10;3
9;7
6;6
ext
x3;x19
10
9;3
8;9
3;3
1;2
7;7
3;9
5;6
4;9
8;3
9;10
ext
x7;x18
10
5;10
7;9
6;9
2;7
6;10
10;3
3;8
2;5
9;8
8;1
ext
x6;x14
10
1;4
3;5
8;3
9;8
4;2
9;2
10;3
4;10
1;10
10;5
ext
x11;x13
10
10;7
5;10
9;9
2;2
1;10
4;5
6;10
10;9
4;6
7;9
ext
x10;x19
10
6;3
2;6
5;6
4;7
2;9
5;5
4;4
1;1
9;7
3;2
ext
x15;x18
10
9;1
7;3
10;1
10;4
2;5
3;1
1;9
5;7
9;6
9;5
ext
x1;x15
10
6;3
9;2
8;1
8;8
2;3
8;5
6;7
8;4
8;2
10;5
ext
x6;x15
10
7;7
8;2
1;6
8;3
3;2
7;1
10;7
9;3
5;3
9;9
ext
x6;x19
10
3;3
7;6
10;4
5;1
10;9
1;7
8;4
2;6
10;5
6;8
ext
x2;x16
10
2;1
9;5
3;6
9;1
5;1
4;2
4;5
7;1
1;2
7;6
ext
x1;x11
10
6;8
3;8
9;8
8;9
2;8
1;3
9;2
10;8
6;7
7;9
ext
x7;x16
10
4;4
3;6
6;3
9;9
10;5
1;9
2;10
5;7
10;4
4;10
ext
x1;x18
10
5;6
6;10
6;8
2;2
3;5
1;1
7;7
2;9
3;9
7;6
ext
x9;x19
10
2;6
2;4
5;7
8;8
9;2
8;9
9;7
9;3
1;4
4;7
ext
x8;x18
10
8;8
9;10
7;7
7;4
5;4
9;6
7;6
4;8
1;2
7;2
ext
x14;x17
10
5;10
1;5
9;2
7;10
7;7
6;4
2;9
6;3
9;1
4;8
**************************************************
