20
x1;1;2;3;4;5;6;7;8;9;10
x2;1;2;3;4;5;6;7;8;9;10
x3;1;2;3;4;5;6;7;8;9;10
x4;1;2;3;4;5;6;7;8;9;10
x5;1;2;3;4;5;6;7;8;9;10
x6;1;2;3;4;5;6;7;8;9;10
x7;1;2;3;4;5;6;7;8;9;10
x8;1;2;3;4;5;6;7;8;9;10
x9;1;2;3;4;5;6;7;8;9;10
x10;1;2;3;4;5;6;7;8;9;10
x11;1;2;3;4;5;6;7;8;9;10
x12;1;2;3;4;5;6;7;8;9;10
x13;1;2;3;4;5;6;7;8;9;10
x14;1;2;3;4;5;6;7;8;9;10
x15;1;2;3;4;5;6;7;8;9;10
x16;1;2;3;4;5;6;7;8;9;10
x17;1;2;3;4;5;6;7;8;9;10
x18;1;2;3;4;5;6;7;8;9;10
x19;1;2;3;4;5;6;7;8;9;10
x20;1;2;3;4;5;6;7;8;9;10
38
ext
x10;x14
10
10;3
10;9
4;2
5;4
2;6
1;7
2;10
10;4
8;4
7;7
ext
x8;x16
10
9;10
5;4
8;8
10;7
4;5
2;4
2;9
7;5
10;4
1;2
ext
x6;x8
10
3;8
3;1
4;4
9;4
4;3
2;9
6;1
4;9
8;6
2;6
ext
x2;x18
10
8;7
6;5
5;10
4;7
4;2
8;9
6;8
3;8
6;3
7;9
ext
x11;x13
10
8;10
9;10
6;3
4;4
7;4
10;7
3;2
8;9
7;10
7;2
ext
x12;x13
10
4;10
5;2
4;5
6;1
7;5
4;7
7;8
2;9
2;3
7;6
ext
x3;x7
10
3;5
8;2
3;1
10;1
1;1
5;8
4;9
4;5
9;10
3;7
ext
x9;x11
10
7;3
9;1
8;7
4;3
10;4
1;9
10;6
1;2
9;5
10;9
ext
x8;x20
10
3;7
2;4
9;5
5;3
5;4
7;2
8;2
6;7
2;9
6;10
ext
x4;x15
10
1;7
6;9
9;8
1;8
4;1
10;6
8;9
10;10
9;9
7;10
ext
x6;x12
10
10;8
7;10
10;10
2;6
6;9
2;5
6;3
4;6
1;10
4;3
ext
x15;x16
10
7;10
5;3
8;4
6;5
1;5
1;8
1;3
3;1
8;8
9;5
ext
x1;x17
10
6;10
2;9
5;8
3;1
9;7
10;9
8;8
2;3
6;1
10;5
ext
x5;x20
10
4;1
9;7
3;10
4;9
9;3
4;6
7;4
9;1
7;6
1;6
ext
x4;x12
10
7;2
10;1
7;4
2;2
2;4
1;3
8;7
6;5
1;2
8;2
ext
x3;x19
10
2;5
9;3
2;3
3;6
9;2
7;10
2;4
7;5
2;2
5;3
ext
x3;x18
10
10;10
6;4
2;1
2;9
1;6
3;5
3;10
1;1
5;3
2;10
ext
x8;x15
10
7;6
2;10
1;8
3;9
5;4
6;6
3;6
9;10
8;9
2;9
ext
x11;x12
10
10;2
6;10
1;3
3;8
5;3
8;9
4;5
10;6
8;7
3;9
ext
x5;x13
10
2;7
8;4
3;3
3;2
2;6
1;10
5;10
4;7
5;1
6;1
ext
x3;x13
10
3;3
6;2
6;3
4;1
3;1
1;9
7;10
6;10
5;4
7;4
ext
x15;x17
10
1;10
6;10
9;9
9;7
4;10
9;8
8;6
8;4
8;2
4;1
ext
x5;x10
10
1;9
8;10
7;4
7;8
2;9
8;4
3;1
3;2
1;6
1;10
ext
x3;x11
10
2;9
9;7
7;5
4;2
9;10
9;2
2;6
4;8
2;2
6;4
ext
x5;x14
10
2;1
4;8
1;1
4;7
7;8
5;2
4;9
2;3
3;10
5;6
ext
x14;x17
10
7;2
9;7
6;8
4;10
7;4
6;6
4;5
3;6
8;6
3;4
ext
x9;x15
10
3;1
5;4
9;6
2;8
5;3
7;3
7;7
5;7
5;5
7;9
ext
x4;x10
10
1;7
6;2
9;7
6;8
3;10
8;10
5;9
2;8
10;10
5;2
ext
x9;x16
10
10;8
10;1
2;6
1;2
9;4
6;8
4;8
3;1
5;7
3;8
ext
x13;x19
10
9;5
8;4
4;8
10;1
5;6
9;10
7;10
2;8
8;6
8;3
ext
x1;x11
10
7;10
6;2
8;6
3;10
9;6
2;6
2;1
7;1
7;5
6;1
ext
x18;x20
10
3;5
2;2
10;7
6;9
9;2
6;8
2;7
9;1
5;10
7;9
ext
x4;x17
10
2;7
9;7
3;2
8;7
5;3
9;4
5;9
10;4
1;5
1;6
ext
x7;x10
10
9;4
5;4
3;2
6;2
5;8
6;10
1;5
3;1
10;4
5;3
ext
x9;x13
10
10;5
9;2
6;9
1;7
6;8
10;2
2;6
4;5
9;9
4;10
ext
x6;x19
10
10;6
2;8
4;2
1;6
4;5
3;3
4;9
2;2
10;1
6;6
ext
x5;x15
10
2;10
2;7
3;5
6;8
4;8
6;7
3;9
5;9
2;4
9;1
ext
x4;x8
10
2;10
4;6
4;10
4;2
9;4
3;2
3;10
4;8
1;9
5;6
**************************************************
