20
x1;1;2;3;4;5;6;7;8;9;10
x2;1;2;3;4;5;6;7;8;9;10
x3;1;2;3;4;5;6;7;8;9;10
x4;1;2;3;4;5;6;7;8;9;10
x5;1;2;3;4;5;6;7;8;9;10
x6;1;2;3;4;5;6;7;8;9;10
x7;1;2;3;4;5;6;7;8;9;10
x8;1;2;3;4;5;6;7;8;9;10
x9;1;2;3;4;5;6;7;8;9;10
x10;1;2;3;4;5;6;7;8;9;10
x11;1;2;3;4;5;6;7;8;9;10
x12;1;2;3;4;5;6;7;8;9;10
x13;1;2;3;4;5;6;7;8;9;10
x14;1;2;3;4;5;6;7;8;9;10
x15;1;2;3;4;5;6;7;8;9;10
x16;1;2;3;4;5;6;7;8;9;10
x17;1;2;3;4;5;6;7;8;9;10
x18;1;2;3;4;5;6;7;8;9;10
x19;1;2;3;4;5;6;7;8;9;10
x20;1;2;3;4;5;6;7;8;9;10
38
ext
x2;x8
10
3;2
7;10
9;8
5;6
6;7
10;1
1;10
6;1
3;8
4;8
ext
x16;x19
10
7;6
3;5
9;1
9;8
10;8
10;6
3;10
6;6
6;7
10;3
ext
x12;x19
10
2;7
7;10
8;1
3;6
1;6
5;8
9;10
4;1
1;3
1;7
ext
x2;x16
10
5;7
4;6
6;10
10;7
2;10
4;4
4;7
7;3
6;5
4;5
ext
x15;x19
10
6;8
2;5
5;10
7;3
9;4
3;7
10;5
9;9
6;6
8;4
ext
x1;x5
10
9;4
7;4
8;1
2;1
10;5
7;10
5;10
4;4
9;2
9;3
ext
x2;x12
10
2;7
10;1
8;7
9;3
3;2
3;1
1;2
1;9
3;3
3;8
ext
x5;x9
10
5;6
6;7
10;5
8;7
2;6
8;8
3;1
6;4
1;4
5;4
ext
x12;x18
10
7;4
8;9
7;3
4;8
10;3
7;1
2;6
10;4
9;1
6;3
ext
x2;x6
10
4;6
6;3
10;10
7;9
6;5
4;4
9;2
5;5
8;9
2;4
ext
x9;x15
10
8;4
1;8
1;9
2;9
2;1
5;1
1;7
7;9
7;10
10;8
ext
x3;x16
10
2;8
4;3
5;2
9;3
3;10
6;10
6;1
9;6
2;9
1;6
ext
x2;x17
10
9;1
1;8
2;6
4;1
4;10
3;8
5;9
8;5
5;5
8;3
ext
x6;x19
10
9;5
5;8
6;4
5;6
4;2
10;3
1;8
4;6
3;9
1;10
ext
x5;x17
10
7;6
10;8
8;9
5;7
6;6
7;7
10;9
6;2
2;4
10;6
ext
x10;x14
10
4;10
8;7
10;1
8;10
1;10
1;7
4;4
9;2
3;10
5;4
ext
x8;x19
10
7;9
7;1
7;4
5;6
2;8
3;5
9;10
5;4
6;6
8;3
ext
x5;x16
10
8;2
9;2
5;1
5;7
7;4
1;9
7;2
1;2
1;4
5;9
ext
x7;x12
10
1;8
8;4
4;8
5;6
8;10
7;8
7;1
5;4
9;8
3;2
ext
x1;x16
10
2;6
7;8
6;1
3;5
6;10
6;5
10;6
4;7
3;7
7;3
ext
x8;x16
10
10;1
9;5
4;9
3;10
10;9
10;6
10;3
2;9
8;2
3;2
ext
x5;x8
10
6;1
3;3
1;1
2;5
5;7
10;8
5;8
2;2
9;8
5;1
ext
x9;x13
10
1;3
1;6
10;9
7;4
6;6
10;1
3;7
7;10
8;2
3;6
ext
x8;x9
10
5;9
8;1
4;7
7;4
1;2
7;6
1;7
6;1
10;2
7;5
ext
x6;x18
10
6;1
2;4
5;9
10;6
4;7
2;9
7;8
7;7
4;3
4;9
ext
x17;x18
10
1;1
3;9
3;2
10;3
6;5
1;7
7;2
6;8
2;5
9;4
ext
x6;x8
10
6;6
7;1
1;4
6;10
8;3
2;6
4;10
9;4
9;6
3;4
ext
x11;x15
10
5;6
10;5
8;4
2;9
8;1
8;10
2;1
6;7
2;3
6;8
ext
x6;x7
10
7;5
2;9
9;6
3;5
4;4
6;1
5;7
8;10
7;1
2;7
ext
x11;x20
10
1;3
7;3
8;7
7;2
8;8
10;2
5;9
9;3
4;2
7;4
ext
x8;x18
10
9;3
9;6
7;1
6;2
5;10
3;2
1;8
8;1
2;7
8;9
ext
x7;x17
10
9;10
2;7
8;6
6;10
4;2
6;5
10;7
1;4
6;1
3;5
ext
x1;x13
10
5;2
3;5
8;7
2;5
1;5
7;8
6;9
6;1
6;2
5;6
ext
x17;x20
10
1;8
6;2
2;9
5;2
7;9
10;6
6;4
2;8
7;8
3;8
ext
x1;x18
10
3;6
9;8
9;6
4;10
8;1
3;7
5;5
6;5
2;6
6;9
ext
x1;x11
10
6;3
4;1
3;8
3;7
10;8
9;6
8;5
3;10
1;2
8;6
ext
x9;x12
10
10;3
8;10
8;5
9;5
10;8
3;4
2;1
1;6
2;4
3;10
ext
x13;x19
10
10;2
6;10
10;8
1;10
6;5
6;1
9;5
2;5
9;8
6;2
**************************************************
