20
x1;1;2;3;4;5;6;7;8;9;10
x2;1;2;3;4;5;6;7;8;9;10
x3;1;2;3;4;5;6;7;8;9;10
x4;1;2;3;4;5;6;7;8;9;10
x5;1;2;3;4;5;6;7;8;9;10
x6;1;2;3;4;5;6;7;8;9;10
x7;1;2;3;4;5;6;7;8;9;10
x8;1;2;3;4;5;6;7;8;9;10
x9;1;2;3;4;5;6;7;8;9;10
x10;1;2;3;4;5;6;7;8;9;10
x11;1;2;3;4;5;6;7;8;9;10
x12;1;2;3;4;5;6;7;8;9;10
x13;1;2;3;4;5;6;7;8;9;10
x14;1;2;3;4;5;6;7;8;9;10
x15;1;2;3;4;5;6;7;8;9;10
x16;1;2;3;4;5;6;7;8;9;10
x17;1;2;3;4;5;6;7;8;9;10
x18;1;2;3;4;5;6;7;8;9;10
x19;1;2;3;4;5;6;7;8;9;10
x20;1;2;3;4;5;6;7;8;9;10
38
ext
x12;x16
15
9;10
3;4
4;6
2;5
7;7
7;6
9;6
9;4
5;1
9;8
5;2
3;8
5;4
2;1
4;3
ext
x10;x12
15
8;5
3;5
10;3
6;3
2;4
5;6
1;7
10;5
6;7
9;3
1;9
5;8
1;2
4;5
7;8
ext
x13;x14
15
3;4
6;8
10;2
2;3
5;4
2;4
8;1
3;3
7;6
3;2
10;10
8;3
9;6
7;7
1;6
ext
x7;x10
15
9;5
9;6
1;10
10;4
10;8
10;9
4;2
6;6
6;10
5;7
6;5
6;8
2;3
7;10
4;5
ext
x17;x18
15
2;2
3;3
7;1
4;6
2;10
4;10
1;9
5;1
1;3
5;6
1;1
7;9
5;9
6;2
10;6
ext
x5;x14
15
9;1
10;2
1;3
1;5
3;1
2;9
6;5
5;4
7;6
4;10
3;7
4;1
6;4
5;5
10;3
ext
x1;x14
15
7;7
9;1
6;1
4;6
10;2
7;9
5;1
1;3
3;1
4;2
1;4
10;1
5;3
5;8
10;4
ext
x10;x11
15
6;9
4;5
10;7
9;7
1;4
8;3
8;10
4;6
2;10
6;8
3;1
8;1
7;4
4;3
4;10
ext
x7;x9
15
7;4
7;8
4;9
4;7
10;8
2;2
5;7
3;5
7;3
5;6
8;9
7;1
5;1
6;10
9;3
ext
x1;x19
15
1;8
1;6
5;7
10;2
5;1
3;10
1;2
6;7
5;5
5;8
4;4
10;8
7;4
2;7
5;2
ext
x1;x4
15
2;2
4;6
5;4
6;10
4;5
2;5
9;6
8;1
8;3
10;5
4;2
5;2
2;9
7;8
1;10
ext
x8;x13
15
4;6
4;5
9;10
6;8
9;4
10;6
5;5
10;9
4;9
7;6
10;7
8;4
10;5
8;1
2;6
ext
x4;x10
15
3;3
2;9
4;3
7;4
10;6
10;5
6;3
2;4
3;5
1;3
5;6
6;10
4;9
2;1
10;8
ext
x4;x17
15
6;2
3;2
8;10
10;2
6;8
8;8
3;3
5;10
4;3
6;6
7;9
9;2
10;5
9;5
5;5
ext
x8;x12
15
4;1
10;5
5;5
9;8
4;4
3;7
10;4
5;10
8;9
6;10
3;4
3;3
2;2
4;3
5;1
ext
x1;x11
15
7;8
2;4
2;2
5;5
1;9
9;8
3;8
2;7
7;6
8;3
9;9
6;6
10;8
10;9
9;6
ext
x16;x19
15
2;7
2;1
1;2
6;8
1;8
2;4
8;10
10;5
3;9
8;8
2;5
1;10
8;5
6;10
6;2
ext
x14;x19
15
2;5
4;9
1;7
1;2
9;6
1;9
9;10
7;10
2;8
4;6
9;5
4;8
10;1
4;3
10;7
ext
x11;x18
15
10;1
9;7
4;9
2;1
3;8
10;9
5;1
1;4
6;10
6;2
7;8
9;2
10;3
6;9
1;7
ext
x5;x16
15
7;10
1;7
10;10
2;6
3;1
2;4
10;1
8;6
2;1
5;6
3;3
6;10
10;7
9;7
3;4
ext
x15;x16
15
2;10
3;5
10;2
1;3
8;6
3;1
9;7
1;4
4;8
3;6
1;9
3;10
2;4
2;5
10;9
ext
x7;x12
15
8;3
9;7
5;10
10;2
5;9
3;7
4;10
7;4
8;5
1;9
3;1
8;9
7;8
4;5
9;6
ext
x17;x19
15
6;9
3;2
9;9
2;7
1;8
2;8
2;2
1;5
3;4
6;5
4;6
7;10
8;6
1;6
6;10
ext
x8;x20
15
8;8
8;4
1;2
10;4
4;6
7;9
1;3
5;3
3;6
2;2
5;1
6;5
2;10
8;5
6;3
ext
x10;x18
15
7;2
1;2
7;6
4;3
4;6
2;7
3;8
4;7
4;4
5;2
2;4
1;5
10;4
3;5
2;2
ext
x5;x6
15
10;1
7;10
8;2
9;5
9;3
2;6
6;3
5;5
4;10
5;10
2;5
8;1
8;9
5;1
7;7
ext
x11;x12
15
4;2
4;5
3;7
5;3
10;5
2;8
6;8
10;2
3;2
8;8
4;6
5;4
8;5
7;6
7;1
ext
x10;x14
15
2;2
5;5
7;6
10;2
4;8
3;2
1;3
6;10
5;2
8;3
7;5
1;9
2;4
3;9
6;6
ext
x6;x16
15
4;2
6;2
5;4
7;2
9;1
5;3
2;10
2;5
3;1
6;8
7;6
2;7
1;5
3;8
10;3
ext
x5;x10
15
9;9
9;3
2;3
6;10
7;2
3;4
8;7
6;1
7;10
6;3
1;10
7;1
10;3
2;5
7;3
ext
x11;x19
15
2;10
9;4
1;6
2;6
2;7
10;9
4;10
3;9
3;6
9;2
2;1
3;7
10;1
1;7
1;2
ext
x3;x10
15
3;2
6;8
8;4
5;5
3;1
8;2
5;6
9;1
1;1
3;7
4;5
6;10
3;4
6;1
1;3
ext
x14;x17
15
8;2
6;9
5;3
3;1
2;7
9;7
4;5
7;4
8;7
1;10
2;4
3;8
2;5
3;2
4;10
ext
x11;x17
15
6;9
10;10
9;8
8;9
6;1
4;8
10;3
10;5
7;6
5;10
1;10
4;2
4;1
8;5
1;7
ext
x8;x16
15
10;10
9;2
1;2
3;2
9;5
10;3
3;7
10;6
9;9
10;8
6;2
3;6
7;6
7;3
5;5
ext
x2;x14
15
2;8
2;6
7;2
9;8
2;2
4;9
9;1
6;2
4;2
2;9
4;10
10;1
2;10
3;1
5;6
ext
x13;x19
15
1;6
8;9
8;10
1;4
2;4
5;2
4;6
6;8
1;9
1;7
7;2
9;8
4;1
8;5
9;10
ext
x13;x15
15
3;7
2;1
4;1
2;3
7;7
6;10
9;6
4;10
5;6
10;8
3;4
3;8
4;5
9;10
8;6
**************************************************
