20
x1;1;2;3;4;5;6;7;8;9;10
x2;1;2;3;4;5;6;7;8;9;10
x3;1;2;3;4;5;6;7;8;9;10
x4;1;2;3;4;5;6;7;8;9;10
x5;1;2;3;4;5;6;7;8;9;10
x6;1;2;3;4;5;6;7;8;9;10
x7;1;2;3;4;5;6;7;8;9;10
x8;1;2;3;4;5;6;7;8;9;10
x9;1;2;3;4;5;6;7;8;9;10
x10;1;2;3;4;5;6;7;8;9;10
x11;1;2;3;4;5;6;7;8;9;10
x12;1;2;3;4;5;6;7;8;9;10
x13;1;2;3;4;5;6;7;8;9;10
x14;1;2;3;4;5;6;7;8;9;10
x15;1;2;3;4;5;6;7;8;9;10
x16;1;2;3;4;5;6;7;8;9;10
x17;1;2;3;4;5;6;7;8;9;10
x18;1;2;3;4;5;6;7;8;9;10
x19;1;2;3;4;5;6;7;8;9;10
x20;1;2;3;4;5;6;7;8;9;10
38
ext
x5;x16
10
2;4
7;7
3;2
6;3
8;2
1;6
7;1
5;8
9;6
8;8
ext
x7;x16
10
4;1
9;7
5;1
3;9
4;10
9;1
1;1
10;7
5;6
5;3
ext
x4;x17
10
8;6
10;10
9;1
4;3
1;3
8;7
2;8
5;6
2;6
7;8
ext
x13;x17
10
10;1
2;9
1;9
1;4
1;8
4;3
2;3
5;9
5;1
7;2
ext
x18;x20
10
8;10
1;2
6;4
8;4
5;9
7;9
9;8
7;2
2;4
7;8
ext
x10;x14
10
9;5
3;4
1;3
4;3
3;7
9;6
4;6
10;8
3;10
2;6
ext
x1;x5
10
10;7
1;3
3;6
5;6
7;9
1;5
8;6
9;2
6;1
7;4
ext
x10;x19
10
1;2
5;1
8;3
10;9
5;10
4;1
4;8
10;2
7;3
10;1
ext
x1;x18
10
7;8
4;9
6;10
1;6
6;3
1;4
1;8
1;5
1;10
2;7
ext
x9;x15
10
5;4
8;7
1;7
2;2
10;10
10;7
4;3
9;3
9;6
7;5
ext
x1;x2
10
10;7
1;1
8;1
1;5
3;5
9;6
1;4
4;3
1;7
3;4
ext
x4;x9
10
1;6
10;1
1;3
9;2
5;10
7;3
1;9
3;9
4;9
6;7
ext
x3;x20
10
2;5
8;6
8;3
8;2
10;10
1;3
4;1
6;6
1;5
10;9
ext
x4;x7
10
9;8
2;6
4;6
2;5
7;9
1;9
4;1
3;4
6;3
5;6
ext
x9;x13
10
3;9
1;9
5;8
8;6
6;6
10;4
10;10
6;3
5;7
2;6
ext
x8;x18
10
7;9
5;4
10;2
1;2
2;2
4;4
9;10
1;4
3;5
1;1
ext
x9;x12
10
5;5
6;2
3;5
1;1
9;8
2;9
4;4
2;3
5;6
1;8
ext
x2;x10
10
1;7
10;4
1;6
4;5
2;4
10;2
6;5
9;5
6;2
10;6
ext
x10;x20
10
7;3
5;2
5;1
3;10
7;5
2;1
3;3
5;7
10;6
3;1
ext
x5;x9
10
9;1
10;7
1;1
5;7
9;3
10;5
8;7
3;1
4;5
8;8
ext
x11;x14
10
9;4
8;2
9;7
4;7
3;7
5;9
1;2
5;8
1;1
6;6
ext
x9;x11
10
1;8
6;10
10;7
10;4
7;5
4;4
9;6
9;9
7;7
3;4
ext
x1;x13
10
5;4
5;3
1;2
9;4
10;7
3;3
3;6
5;10
9;7
5;6
ext
x1;x3
10
2;8
7;5
4;1
9;8
1;5
6;8
8;4
2;10
10;5
1;9
ext
x4;x12
10
8;8
9;7
4;3
9;9
9;10
8;6
10;2
2;4
1;5
3;4
ext
x9;x10
10
2;5
2;7
10;9
2;9
10;7
1;10
2;4
3;7
7;7
10;4
ext
x5;x8
10
3;8
1;9
10;9
1;2
1;10
8;6
1;8
5;6
6;2
5;8
ext
x4;x11
10
9;9
1;2
4;10
4;2
5;6
7;10
6;3
7;8
7;2
7;5
ext
x2;x18
10
6;4
6;9
1;5
2;3
7;7
4;10
7;1
10;4
7;9
6;3
ext
x7;x18
10
6;6
10;7
5;9
7;8
2;2
6;10
2;1
9;3
6;3
1;9
ext
x7;x17
10
1;2
1;8
6;2
8;4
2;10
9;5
4;4
5;6
9;1
8;1
ext
x5;x13
10
4;10
6;4
8;7
3;1
2;9
1;5
9;1
2;6
9;10
7;2
ext
x16;x18
10
3;8
1;2
3;3
4;4
4;3
8;3
7;2
5;6
10;8
9;5
ext
x2;x15
10
10;2
5;4
10;3
4;7
4;8
2;3
7;1
2;6
6;3
7;2
ext
x6;x20
10
10;4
2;1
8;6
3;9
7;5
7;9
7;3
8;5
8;3
7;6
ext
x12;x15
10
2;4
7;10
7;4
5;2
2;5
9;6
2;8
5;6
3;4
10;2
ext
x11;x18
10
3;10
6;1
4;2
5;4
7;8
10;4
8;7
1;5
5;1
9;10
ext
x5;x11
10
1;3
6;4
7;4
4;9
3;1
4;10
2;5
6;9
1;5
10;5
**************************************************
